check
0 11 30 62 179 259 297 311 337 339 503 877 934 1073 1079 1148 1149 1155 1324 1351 1357 1358 1384 1390 1413 1511 1562 1666 1726 1874 1885 1893 1948 1985 1995 2022 2050 2113 2135
if
0 11 30 62 179 259 297 311 337 339 503 840 927 934 1073 1079 1147 1148 1149 1155 1259 1351 1357 1358 1384 1390 1511 1562 1666 1726 1852 1885 1893 1948 1985 1995 2022 2050 2135
point
0 116 744 1355 1524
is
0 179 259 297 311 331 337 429 503 518 741 880 920 934 1100 1148 1329 1358 1511 1562 1632 1726 1864 2022
reachable
0 301 512
longest
1 5 29 35 49 65 69 104 109 121 135 144 163 171 213 327 415 551 563 612 635 642 649 758 791 815 864 966 981 1098 1138 1188 1284 1353 1404 1421 1437 1444 1453 1466 1507 1576 1581 1585 1635 1644 1672 1719 1742 1919 2031 2033 2049 2060 2091 2100 2103 2139
path
1 69 85 164 337 401 451 488 522 594 649 693 755 840 940 971 1108 1229 1245 1256 1300 1434 1525 1546 1726 1754 1853 1870 1912 1919 1921 1925 2081 2114 2139 2158
with
1 9 15 29 70 76 85 95 110 121 141 144 169 176 183 192 212 223 282 301 309 326 328 343 345 363 401 413 434 445 457 488 492 493 521 527 528 541 554 557 558 559 564 593 617 618 629 630 663 670 671 709 784 817 827 828 844 885 898 932 942 943 992 1004 1009 1010 1023 1031 1043 1047 1085 1092 1099 1113 1119 1126 1161 1172 1190 1197 1199 1211 1229 1239 1255 1265 1285 1287 1322 1336 1354 1375 1386 1399 1408 1409 1433 1453 1460 1462 1470 1483 1485 1497 1514 1525 1529 1531 1562 1565 1583 1597 1626 1640 1655 1661 1664 1674 1681 1687 1698 1711 1715 1748 1773 1821 1826 1850 1853 1854 1858 1870 1878 1886 1894 1904 1920 1945 1956 1963 1970 1987 1994 2003 2008 2011 2028 2036 2043 2061 2084 2086 2089 2094 2097 2151
different
1 117 670 1152 1184 1272 1987 2097 2153
adjacent
1 861 898 1009 1038 1156 1261 1447 1733 2014
characters
1 29 41 108 118 288 328 329 501 558 625 632 635 740 935 1125 1199 1357 1639 1741 1792 1903 1956 2019 2057 2090 2140
largest
2 6 82 118 143 148 154 345 433 463 557 564 598 662 668 702 768 770 850 885 957 959 1040 1050 1062 1130 1223 1391 1409 1435 1558 1563 1601 1613 1731 1772 1835 1920 1936 1945 2023 2064 2137 2173
merge
2 249 302 644 765 830 846 926 1298 1570 1604 1646 1795 1907 2015
of
2 5 9 21 22 23 25 26 27 28 30 31 38 39 43 45 47 51 56 59 63 64 67 68 70 71 72 73 80 81 94 99 102 110 117 122 126 128 131 133 141 142 148 153 160 174 177 186 197 199 212 215 220 222 223 224 227 233 234 250 253 255 262 267 270 278 283 287 288 292 292 293 294 295 315 316 322 324 327 331 332 334 334 335 344 351 352 353 355 357 359 360 368 369 372 373 374 378 378 385 395 399 404 411 412 416 418 420 428 430 434 434 440 442 445 448 450 452 452 453 453 458 459 461 476 477 479 485 496 497 497 501 508 510 513 517 523 524 527 528 542 547 550 550 553 554 555 561 566 568 573 578 582 583 586 599 601 601 612 617 626 627 653 654 657 660 667 675 681 691 695 697 698 698 701 707 717 731 737 744 750 755 768 771 776 777 779 780 786 789 793 794 798 800 805 807 811 815 816 819 820 824 825 826 847 848 860 864 868 882 884 885 890 891 892 892 895 896 897 898 899 899 906 912 915 928 933 934 938 939 941 943 946 950 950 953 957 959 960 970 980 982 983 983 985 1003 1004 1007 1011 1014 1016 1017 1017 1022 1023 1028 1031 1032 1033 1035 1043 1047 1049 1053 1054 1059 1063 1063 1064 1066 1069 1078 1080 1082 1083 1089 1090 1092 1092 1093 1095 1097 1100 1100 1105 1115 1118 1120 1123 1129 1139 1144 1145 1153 1154 1155 1158 1165 1166 1168 1169 1171 1177 1183 1184 1187 1191 1196 1199 1201 1203 1205 1206 1215 1220 1225 1230 1235 1240 1243 1251 1255 1255 1258 1262 1266 1274 1275 1285 1288 1299 1303 1304 1304 1307 1314 1329 1329 1329 1337 1338 1339 1343 1345 1348 1350 1357 1360 1366 1377 1401 1406 1413 1415 1417 1418 1420 1421 1425 1430 1433 1434 1456 1458 1459 1461 1462 1463 1470 1473 1474 1479 1487 1489 1495 1496 1505 1513 1516 1517 1520 1523 1526 1526 1533 1544 1550 1552 1553 1554 1555 1556 1569 1571 1575 1584 1586 1587 1592 1594 1600 1602 1609 1612 1614 1615 1624 1627 1629 1632 1634 1636 1642 1642 1645 1648 1648 1650 1652 1654 1656 1658 1659 1662 1666 1667 1669 1674 1676 1680 1681 1687 1692 1699 1700 1708 1717 1722 1728 1745 1749 1750 1755 1764 1767 1771 1771 1772 1788 1788 1792 1797 1800 1801 1808 1808 1810 1819 1822 1827 1837 1841 1844 1845 1853 1857 1877 1880 1881 1884 1888 1890 1899 1903 1908 1910 1929 1929 1930 1941 1942 1944 1952 1955 1956 1958 1963 1964 1966 1975 1976 1977 1985 1989 1991 1992 1998 2000 2003 2007 2008 2010 2019 2022 2022 2026 2028 2029 2029 2033 2036 2039 2041 2043 2050 2051 2052 2052 2054 2056 2057 2065 2066 2070 2076 2078 2082 2084 2087 2090 2090 2100 2101 2102 2102 2104 2116 2118 2122 2124 2134 2140 2145 2153 2157 2161
two
2 19 48 118 126 133 227 236 271 292 298 322 361 371 415 429 509 619 621 654 663 670 698 731 765 807 845 847 877 891 903 920 933 997 1027 1101 1120 1147 1155 1169 1170 1177 1202 1213 1217 1226 1304 1329 1342 1370 1384 1401 1434 1458 1459 1496 1586 1587 1604 1609 1634 1718 1852 1857 1877 1893 1949 1950 1975 1992 2015 2017 2145 2147
strings
2 22 26 41 142 227 293 361 434 452 455 468 605 619 780 795 845 877 882 950 1017 1064 1086 1351 1383 1384 1438 1459 1567 1586 1588 1603 1671 1776 1795 1852 1964 2005 2020
maximum
3 9 21 23 76 81 85 99 110 113 124 125 139 144 169 173 186 207 209 212 219 255 267 283 287 289 292 310 317 322 332 341 357 372 395 405 411 440 451 458 462 476 481 483 487 501 517 524 526 529 550 553 554 559 574 582 599 626 636 648 654 675 687 693 698 737 752 755 761 772 798 803 812 820 828 855 860 862 894 922 941 954 955 985 1003 1007 1021 1029 1031 1032 1035 1052 1054 1105 1107 1123 1143 1153 1225 1230 1251 1257 1266 1277 1286 1295 1331 1344 1350 1368 1370 1389 1412 1430 1448 1458 1459 1462 1480 1487 1497 1504 1506 1521 1523 1525 1526 1537 1543 1556 1561 1583 1612 1627 1669 1673 1687 1700 1711 1713 1725 1728 1745 1760 1775 1800 1808 1820 1833 1864 1884 1890 1908 1956 1958 1963 1968 1994 1999 2000 2010 2029 2039 2045 2047 2053 2074 2082 2088 2099 2101 2106 2108 2124 2145 2148 2157 2170
earnings
3
from
3 145 149 161 165 229 267 304 336 341 371 405 431 466 471 484 495 543 571 641 661 798 823 832 862 951 1027 1124 1165 1168 1183 1202 1261 1296 1340 1344 1429 1445 1464 1480 1549 1611 1613 1618 1678 1686 1765 1786 1789 1823 1836 1901 1926 1927 1939 1968 1980 1994 2124
taxi
3
non-decreasing
4 652 1362
subsequences
4 42 117 430 698 796 819 868 1120 1152 1356 1415 1450 1547 1786 2065 2123
subarray
5 23 104 121 124 144 173 212 517 526 537 559 585 718 773 855 946 949 955 986 1233 1275 1353 1423 1643 1661 1854 1884 1910 2047 2070 2129 2163
1's
5 1149 1297
after
5 6 70 156 246 250 259 374 450 747 772 778 816 852 921 922 928 954 1016 1038 1150 1220 1257 1294 1375 1435 1474 1488 1537 1540 1554 1557 1561 1629 1659 1780 1788 1803 1808 1810 1833 1837 1944 2021 2093 2107 2108 2110 2132
deleting
5 928 1098
one
5 465 559 616 800 910 963 1114 1287 1351 1386 1420 1546 1814 1887 1894 1903 1951 2033 2050 2081
element
5 25 175 182 218 435 591 606 637 734 781 833 850 949 1037 1075 1113 1473 1550 1561 1716 1875 1951 1994 2006 2027 2064 2115 2132
number
6 10 21 22 27 39 51 62 64 67 68 73 99 117 122 140 141 177 196 199 204 209 223 227 238 270 278 287 293 295 303 315 316 327 331 335 351 352 355 359 360 371 373 374 399 404 411 412 428 430 433 434 442 453 458 461 476 477 485 496 497 501 513 527 528 540 543 547 550 554 555 582 617 626 627 643 653 657 660 667 668 675 691 697 702 707 737 744 750 752 768 771 779 798 799 800 805 807 819 825 834 848 860 868 870 874 882 884 886 890 892 896 898 906 915 924 959 960 985 1003 1006 1014 1015 1016 1022 1023 1028 1034 1035 1043 1047 1049 1052 1054 1063 1080 1089 1090 1106 1115 1118 1129 1154 1165 1171 1174 1184 1187 1196 1201 1203 1206 1220 1223 1225 1235 1240 1243 1251 1255 1274 1288 1299 1304 1329 1329 1335 1337 1339 1348 1357 1360 1406 1415 1418 1420 1420 1432 1435 1445 1447 1457 1461 1470 1474 1489 1495 1516 1526 1539 1544 1555 1566 1571 1571 1577 1586 1592 1600 1602 1612 1615 1623 1627 1632 1642 1645 1648 1652 1654 1656 1662 1669 1674 1680 1687 1691 1692 1715 1717 1755 1759 1762 1764 1767 1772 1787 1792 1797 1800 1815 1827 1841 1843 1844 1860 1881 1888 1890 1908 1909 1942 1944 1952 1955 1958 1963 1972 1977 1989 1998 2000 2010 2016 2018 2019 2022 2026 2028 2029 2036 2039 2041 2043 2056 2057 2065 2068 2098 2101 2109 2110 2116 2118 2124 2127 2128 2134 2153 2167
digit
6 25 62 62 310 371 444 493 543 770 800 1076 1220 1419 1658 2084
swaps
6 607 771 1010 1038 1297 1383 1385 1447 1733 1767
by
6 12 19 26 131 289 298 310 313 329 352 392 415 428 463 478 506 518 574 615 616 677 754 765 788 935 1021 1036 1056 1078 1088 1101 1114 1143 1308 1313 1326 1332 1341 1392 1400 1433 1436 1441 1690 1868 1885 1955 2081 2085 2121 2129
parity
6 677 1868
reverse
7 83 91 152 542 549 773 793 841 887 1016 1163 1196 1366 1442 1502 1722 1739 1812 1911 2002
bits
7 335 352 1115 1712 1715 2056
the
8 18 22 24 26 27 31 57 72 73 74 78 100 128 139 143 143 166 169 178 179 180 190 234 266 291 292 295 309 311 313 318 319 322 323 331 333 346 352 357 368 380 394 399 412 419 420 436 445 452 459 459 461 462 485 499 523 527 527 548 600 604 608 612 620 627 630 648 653 656 656 696 698 713 719 729 759 761 768 771 779 824 853 882 885 890 898 899 908 909 916 930 939 947 973 992 997 1008 1014 1033 1034 1043 1043 1045 1047 1054 1069 1069 1080 1083 1096 1097 1097 1144 1157 1166 1166 1193 1204 1215 1234 1251 1259 1261 1262 1270 1274 1299 1304 1305 1332 1333 1335 1339 1346 1350 1355 1367 1376 1377 1387 1391 1394 1397 1399 1400 1416 1417 1430 1440 1447 1455 1474 1489 1496 1499 1513 1527 1532 1542 1549 1550 1583 1585 1589 1590 1596 1596 1599 1609 1635 1678 1697 1724 1735 1764 1767 1771 1772 1794 1796 1819 1820 1826 1830 1850 1857 1860 1872 1875 1881 1881 1891 1915 1929 1941 1951 1958 1965 1967 1995 2003 2004 2011 2024 2031 2031 2052 2057 2057 2065 2100 2132 2164 2165 2165 2169
latest
8 1270 1343 1436 2164
login
8
in
8 10 11 18 22 39 44 45 66 82 88 98 100 116 143 157 199 200 203 226 248 252 264 269 273 276 282 284 290 293 312 332 333 334 337 354 362 365 381 394 396 416 417 423 427 436 449 455 460 474 481 487 502 512 518 525 539 562 563 583 584 588 592 598 601 605 626 636 637 644 649 654 662 682 693 697 702 707 712 720 734 737 739 762 770 775 802 803 808 815 824 840 841 848 850 854 859 861 887 893 897 902 909 910 913 916 924 945 949 977 990 999 1006 1035 1037 1043 1058 1066 1074 1075 1087 1098 1103 1110 1111 1130 1131 1141 1156 1160 1166 1184 1188 1191 1194 1204 1221 1223 1229 1240 1243 1250 1256 1292 1298 1303 1306 1307 1316 1334 1339 1346 1354 1361 1367 1373 1381 1403 1415 1420 1448 1452 1456 1463 1466 1473 1474 1476 1501 1524 1526 1530 1546 1551 1552 1554 1569 1577 1584 1585 1598 1620 1633 1637 1638 1657 1665 1669 1716 1719 1746 1751 1757 1760 1768 1812 1832 1840 1879 1880 1890 1919 1921 1923 1925 1927 1936 1948 1949 1966 1967 1970 1977 1981 1985 1986 1995 2002 2012 2014 2056 2057 2062 2064 2081 2115 2138 2144 2145 2148 2152 2158 2166 2169 2172 2173
2020
8
side
9 724 1113
length
9 212 292 452 517 612 698 747 841 885 895 928 1031 1032 1126 1141 1149 1205 1421 1526 1676 1786 1956 2122
a
9 18 23 37 39 43 44 45 51 54 56 73 80 81 82 95 102 128 157 158 179 186 192 196 198 199 208 215 224 245 275 276 282 282 283 290 310 312 332 334 334 336 337 337 351 411 416 416 417 432 445 449 455 456 483 484 524 525 527 540 542 544 550 558 565 584 586 588 589 591 598 601 601 601 607 626 639 649 650 657 662 681 681 688 693 701 707 712 719 734 737 742 755 770 778 802 803 811 818 820 823 826 848 859 867 875 876 887 892 893 893 897 910 915 920 924 934 939 945 952 970 980 995 999 1012 1024 1037 1065 1066 1072 1075 1079 1085 1087 1089 1092 1100 1103 1131 1141 1143 1166 1171 1184 1191 1215 1219 1228 1229 1239 1243 1258 1279 1288 1292 1296 1299 1304 1311 1323 1334 1338 1354 1358 1367 1378 1393 1413 1415 1417 1420 1434 1448 1448 1452 1463 1463 1464 1466 1487 1491 1505 1511 1516 1520 1524 1526 1529 1530 1531 1541 1543 1546 1552 1552 1553 1568 1569 1571 1599 1602 1602 1633 1637 1642 1648 1658 1660 1666 1668 1700 1708 1718 1725 1726 1768 1771 1787 1797 1801 1808 1812 1819 1850 1853 1860 1863 1878 1888 1890 1919 1925 1944 1948 1955 1956 1960 1970 1977 1985 1985 1985 1987 1995 2003 2008 2022 2029 2030 2055 2061 2064 2070 2071 2081 2089 2090 2098 2100 2107 2108 2110 2110 2124 2135 2152 2158 2164 2172
square
9 56 168 262 638 768 1188 1329 1460 1558 1731 1829 1928 2155
sum
9 25 25 46 59 70 77 133 141 162 173 181 186 219 220 233 262 324 331 353 358 366 385 392 395 429 441 451 482 493 506 518 526 528 537 540 554 559 573 584 594 595 628 631 636 638 662 663 711 730 784 820 824 845 876 885 903 912 920 921 940 946 950 957 983 1004 1007 1017 1031 1076 1092 1092 1105 1108 1153 1169 1191 1196 1211 1213 1220 1245 1260 1265 1275 1303 1318 1320 1345 1389 1396 1398 1401 1412 1423 1425 1453 1458 1468 1470 1504 1512 1517 1533 1565 1583 1594 1601 1609 1615 1629 1636 1658 1659 1661 1676 1696 1700 1711 1744 1748 1754 1760 1765 1788 1831 1833 1880 1884 1910 1930 2003 2022 2052 2065 2074 2076 2079 2084 2085 2089 2099 2102 2114 2159 2161 2163 2168
less
9 121 827 986 1742
than
9 121 160 251 385 497 564 637 646 827 986 1034 1514 1679 1742 1854
or
9 121 497 828 834 838 895 910 961 1322 1355 1364 1378 1386 1514 1742 1877 2018 2045
equal
9 19 41 55 62 78 118 121 176 216 369 434 447 460 497 523 561 617 664 730 805 847 856 1068 1088 1092 1211 1231 1249 1285 1293 1329 1351 1357 1359 1378 1383 1398 1470 1514 1565 1569 1610 1612 1742 1807 1943 2019 2020 2043 2088 2094
to
9 15 27 36 41 48 55 57 57 58 67 78 86 96 120 121 122 126 146 158 168 170 172 174 177 178 181 189 206 216 220 224 227 231 235 249 256 257 281 286 295 315 316 323 338 351 361 366 367 369 373 393 394 399 404 408 417 418 432 434 464 466 470 472 477 486 491 497 499 506 523 540 543 544 547 548 553 555 555 572 575 589 607 617 625 627 632 641 657 659 681 689 692 696 719 730 750 754 756 767 769 771 773 805 805 806 821 825 830 839 874 876 876 881 893 903 915 915 917 924 953 965 968 991 1018 1024 1025 1028 1048 1049 1060 1061 1065 1089 1096 1112 1118 1118 1122 1122 1125 1154 1159 1165 1187 1189 1203 1206 1209 1219 1221 1225 1231 1235 1242 1247 1249 1272 1279 1279 1281 1285 1292 1297 1300 1311 1312 1315 1323 1329 1331 1337 1362 1365 1368 1376 1376 1377 1378 1378 1381 1383 1385 1387 1393 1414 1420 1420 1425 1426 1447 1464 1468 1474 1491 1498 1501 1516 1544 1546 1571 1571 1586 1592 1596 1597 1602 1609 1610 1615 1622 1623 1626 1639 1639 1641 1643 1643 1646 1652 1652 1654 1670 1674 1685 1692 1695 1707 1718 1720 1725 1725 1735 1742 1744 1752 1767 1770 1778 1790 1791 1794 1797 1805 1807 1814 1815 1818 1821 1828 1841 1845 1875 1886 1887 1888 1896 1903 1915 1915 1920 1926 1940 1944 1951 1955 1959 1959 1972 1979 1998 2005 2020 2030 2043 2044 2048 2054 2055 2058 2078 2094 2098 2105 2124 2153 2153 2164
threshold
9 497 527 1483 1599 1854
most
10 183 444 711 781 858 947 960 1038 1322 1537 1548 1550 1633 1651 1773 1974 2004 2050 2081 2158
frequent
10 711 781 889 1039 1550
following
10
key
10 95 609 1388
an
10 25 66 100 153 234 248 253 264 332 333 362 368 460 487 489 500 571 653 654 769 816 850 899 990 1110 1111 1122 1139 1144 1153 1158 1160 1188 1225 1239 1345 1384 1411 1493 1501 1559 1584 1598 1707 1751 1757 1858 1929 1994 2012 2052 2062 2072 2142 2145 2152
array
10 25 42 55 66 72 78 79 79 89 100 115 131 131 139 143 153 156 174 178 179 181 187 189 193 200 206 216 231 234 248 253 264 273 274 323 332 333 346 356 362 363 378 393 400 404 413 429 436 437 440 445 447 448 460 495 495 499 500 502 503 508 548 566 575 608 615 637 652 654 677 697 729 743 769 773 805 816 824 832 850 899 903 909 919 926 929 934 968 977 990 1007 1036 1037 1056 1088 1096 1110 1111 1124 1139 1144 1158 1160 1188 1191 1198 1209 1218 1219 1222 1225 1231 1239 1239 1249 1254 1261 1285 1292 1314 1345 1358 1362 1402 1405 1417 1425 1429 1440 1448 1456 1473 1476 1481 1496 1504 1513 1514 1530 1532 1540 1544 1551 1556 1565 1591 1594 1598 1601 1610 1620 1643 1652 1659 1669 1707 1708 1709 1716 1719 1751 1760 1779 1794 1797 1807 1810 1828 1836 1858 1864 1865 1868 1874 1885 1886 1896 1898 1929 1951 1967 1968 1994 1998 2007 2012 2013 2062 2072 2115 2136 2145 2148 2169
word
11 96 137 259 293 439 472 533 557 563 567 759 793 967 1098 1155 1237 1374 1484 1490 1704 1718 1728 1974 1985 1985 2122
can
11 21 139 225 291 300 341 384 458 571 675 768 847 860 935 951 1079 1107 1351 1480 1605 1657 1690 1736 1800 1908 1939 2039 2120 2135
be
11 384 675 860 935 1079 1107 1643 1690 1725 2054
placed
11
crossword
11
filter
12 1124
restaurants
12
vegan-friendly,
12
price
12 37 565 1069 1467 1889 2074
and
12 20 25 62 144 146 149 150 207 235 256 335 381 381 427 431 460 462 497 503 532 541 564 577 645 705 740 749 785 786 789 792 851 871 881 918 962 1007 1026 1068 1073 1110 1130 1137 1168 1196 1236 1251 1260 1270 1273 1280 1340 1390 1395 1473 1475 1479 1535 1542 1561 1567 1572 1582 1626 1665 1705 1802 1808 1821 1839 1840 1841 1861 1866 1892 1904 1968 1978 2035 2052 2074 2094 2112 2143 2157 2161
distance
12 158 172 246 524 527 562 593 665 745 997 1267 1292 1424 1608 1621 1718 1738 1875 1986
online
13 949 1834
stock
13 146 235 256 881 892 1626 1821 1889
span
13
corporate
14
flight
14
bookings
14
binary
15 44 60 71 80 98 102 106 107 149 197 203 220 221 276 340 366 423 431 445 451 456 470 471 490 525 539 562 601 607 627 636 662 684 724 728 739 771 784 802 806 811 924 942 954 970 972 994 999 1012 1061 1094 1109 1118 1181 1210 1216 1228 1230 1256 1283 1307 1308 1327 1340 1366 1373 1395 1413 1414 1420 1464 1465 1477 1506 1508 1521 1523 1569 1574 1575 1604 1618 1632 1637 1638 1666 1668 1675 1700 1702 1715 1730 1742 1745 1782 1789 1817 1837 1871 1877 1896 1916 1919 1921 1933 1938 1949 1955 1996 2050 2054 2055 2056 2081 2100 2138 2150
string
15 66 73 101 161 195 263 309 332 367 383 422 427 432 436 452 455 466 471 542 549 558 625 627 702 707 719 733 739 747 770 771 825 826 838 853 861 867 883 887 927 928 934 954 972 980 984 993 1010 1019 1024 1053 1079 1087 1089 1125 1131 1136 1154 1156 1157 1159 1163 1164 1166 1184 1223 1292 1294 1296 1301 1306 1351 1365 1384 1393 1404 1414 1415 1417 1445 1465 1498 1516 1529 1543 1553 1562 1564 1579 1602 1632 1639 1657 1658 1664 1666 1693 1726 1767 1773 1788 1801 1806 1812 1819 1830 1851 1893 1923 1956 1962 1966 2012 2014 2030 2044 2050 2055 2090 2091 2100 2108 2135 2135 2156
substrings
15 73 211 287 292 293 747 776 856 980 983 1114 1186 1199 1216 1306 1344 1627 1680 1722 1773 1792 2028 2090 2118
representing
15
1
15 352 805 1115
n
15 444 452 541 599 750 852 1235 1262 1390 1519 1744 2021
counter
16 822
island
17 1206 1568 2087
perimeter
17 491 1062
list
18 40 152 165 226 272 304 426 470 519 521 581 588 797 801 806 820 924 939 1033 1058 1100 1100 1176 1183 1246 1334 1446 1451 1660 1739 1765 1769 1784 1823 1931 1961 1982 2138
products
18 313 530 553 748 871 1794
ordered
18 1411
period
18 910
make
19 41 55 78 120 170 174 177 189 206 227 257 286 361 367 373 392 393 404 408 432 477 486 499 523 548 575 625 627 692 756 771 805 853 951 1088 1096 1125 1154 1209 1219 1222 1231 1293 1311 1323 1351 1362 1376 1378 1383 1385 1414 1544 1546 1569 1586 1610 1639 1641 1643 1692 1710 1767 1790 1794 1800 1807 1886 1887 1898 1939 1951 2019 2020 2044 2058 2078
arrays
19 177 294 322 371 756 765 847 890 903 997 1177 1401 1470 1496 1587 1634 1662 1857 1893 1975
reversing
19
subarrays
19 131 231 496 554 617 671 784 827 828 1031 1105 1211 1274 1348 1458 1655 1676 1687 1764 1785 1797 1991 2043 2097 2175
daily
20 613
leads
20
partners
20
coins
21 98 267 449 1486
you
21 139 300 341 458 571 1204 1480 1489 1605 1736 1800 1908 2039
get
21 506 571 761 788 839 856 1300 1452 1480 1652 2148
count
22 62 94 154 157 198 223 228 244 320 325 362 369 384 388 407 412 430 442 450 460 493 557 573 577 583 593 605 638 671 673 744 775 779 827 847 873 882 890 916 923 932 956 958 969 976 980 990 991 1014 1016 1036 1064 1072 1110 1114 1127 1152 1197 1216 1274 1278 1348 1352 1354 1416 1460 1482 1495 1501 1520 1584 1589 1592 1603 1638 1645 1655 1740 1757 1764 1768 1801 1826 1860 1886 1894 1904 1940 1954 1960 1978 1984 2005 2010 2041 2090 2107 2116 2118 2123 2157
vowel
22 605 980 1603 2042
range
22 37 210 306 482 573 631 695 782 1215 1241 1250 1275 1320 1354 1479 1636 1703 1757 1901 1995 2124 2152
score
23 219 283 298 405 420 445 574 578 618 648 761 778 816 827 862 899 968 1023 1029 1145 1332 1344 1434 1556 1557 1803 1805 1826 2011 2021 2108 2151
good
23 812 819 906 956 990 1070 1080 1089 1127 1201 1274 1358 1363 1555 1638 1671 1735 1984 2005
stamping
24 930
grid
24 45 337 354 515 607 651 737 750 798 814 843 848 893 916 1229 1243 1323 1403 1452 1546 1552 1771 1863 1890 1925 1987
difference
25 84 207 223 310 381 511 571 608 789 864 903 912 948 1081 1130 1316 1318 1350 1370 1542 1554 1590 1713 1775 1857 1864 2074 2156
between
25 118 207 215 381 524 593 644 745 789 807 997 1130 1170 1251 1267 1271 1298 1324 1347 1370 1434 1542 1713 1722 1902 2074 2147
compare
26 984 1212
frequency
26 125 306 329 1056 1060 1490 1522 1550 1905 2088
smallest
26 70 161 176 210 251 288 296 371 383 390 461 478 527 611 618 629 719 734 828 883 992 1006 1010 1074 1075 1130 1294 1363 1445 1447 1529 1577 1578 1587 1599 1608 1703 1780 1881 1901 1981 1990 2003 2008 2016
character
26 158 791 981 1114 1131 1168 1641 2033
employees
27 58 646 817 1253 1305 1725
which
27 1908
report
27 57
each
27 428 555 592 663 682 744 869 894 1090 1168 1194 1326 1548 1635 1670 1716 1722 1936 1981 2153
employee
27 736 869 907 1326 1399 2031
max
28 73 385 571 593 742 896 978 1023 1048 1049 1092 1120 1238 1783 1790 2058 2087
value
28 62 70 176 250 267 332 461 506 592 598 681 772 773 997 1078 1099 1130 1190 1276 1277 1377 1400 1448 1529 1531 1532 1835 1936 1981 2082 2160
equation
28 419 639
substring
29 43 88 113 118 163 169 345 382 550 612 635 791 815 966 1157 1190 1435 1488 1526 1562 1576 1581 1585 1631 1681 1939 2033 2037 2100
at
29 51 444 492 527 565 959 1038 1149 1226 1448 1537 1546 1635 1654 1661 1695 1773 1839 1962 2050 2081
least
29 374 492 959 1149 1226 1546 1661 1815 1839
k
29 37 86 100 139 171 223 267 270 331 374 385 453 478 497 504 518 562 585 617 629 671 714 730 751 789 826 827 839 844 885 889 895 900 986 1031 1036 1038 1039 1083 1149 1168 1247 1257 1281 1367 1368 1456 1537 1583 1588 1657 1659 1661 1666 1674 1711 1733 1742 1748 1773 1803 1864 1880 1885 1901 1907 1944 2043 2084 2097 2129 2132 2136 2163 2175
repeating
29 113 531 632 635 981 2033
object
30
instance
30
class
30
day
31 938 1204 1605 1941
year
31 1286
zuma
32
game
32 128 136 184 241 391 403 414 459 580 640 678 704 716 723 777 787 814 831 875 944 975 1001 1077 1097 1144 1207 1428 1512 1595 1647 1689 1702 1756 1766 1783 1869 2025 2057
bank
33 1649 1735 1746 1977
account
33
summary
33 132
ii
33 101 120 134 137 138 152 165 182 203 210 239 247 273 280 386 429 435 473 475 533 538 545 546 552 576 580 591 594 621 623 672 688 782 796 804 822 834 860 861 866 879 881 911 1005 1042 1067 1091 1108 1133 1142 1163 1194 1249 1297 1321 1374 1379 1410 1429 1457 1469 1476 1506 1507 1508 1534 1586 1610 1634 1644 1663 1689 1747 1802 1809 1813 1838 1867 1868 1906 1937 1982 1996 2058 2073 2075 2079 2111 2126 2141 2167
pow(x,
34
n)
34
consecutive
35 42 108 167 270 358 484 540 632 709 839 866 867 978 979 1238 1369 1456 1575 1622 1733 1765 1800 2130 2170
sequence
35 283 534 872 929 930 936 951 1391 1749 1825
minimum
36 55 57 67 83 84 112 126 133 166 174 177 181 189 197 206 216 224 227 249 257 265 270 295 298 315 316 323 331 351 367 373 393 399 404 408 409 417 418 432 462 464 472 477 486 491 499 502 505 506 511 537 544 547 548 555 589 594 607 627 630 660 692 696 720 745 747 756 769 771 778 789 805 821 839 844 845 848 876 893 912 915 928 943 948 965 999 1022 1038 1065 1066 1081 1096 1102 1118 1122 1128 1130 1145 1154 1159 1185 1206 1209 1220 1221 1231 1235 1242 1245 1249 1251 1265 1279 1281 1282 1297 1311 1312 1315 1316 1318 1323 1337 1338 1359 1364 1375 1377 1378 1383 1385 1401 1406 1414 1434 1447 1463 1470 1476 1513 1544 1546 1552 1554 1586 1597 1610 1611 1622 1623 1631 1641 1670 1695 1717 1718 1720 1733 1738 1752 1754 1767 1778 1797 1805 1807 1827 1840 1845 1853 1870 1875 1887 1903 1915 1925 1952 1955 1959 1968 1972 1979 1980 2011 2030 2044 2063 2071 2074 2105 2111 2160
obstacle
36 1635
removal
36 1554 1837
reach
36 196 315 464 1221 1447 1597 1736 1805 1944 1979
corner
36
highest
37 129 190 445 618 789 1630 1667 1729 1826 2151
ranked
37
items
37 198 846 1313 1583
within
37 659 731 856 900 985
selling
38 1467
pieces
38 1259 1393
wood
38
valid
39 89 92 179 257 259 303 337 486 666 758 799 863 872 964 1019 1026 1079 1090 1161 1328 1391 1459 1546 1624 1635 1726 1732 1753 1755 1809 1829 1978 2026 2044 2155
words
39 97 127 192 348 415 532 574 712 731 794 887 889 917 935 1035 1090 1155 1202 1271 1472 1681 1812 1894 2039 2069 2107
sentence
39 311 380 712 905 989 1948 1985 2038
partition
40 179 194 730 903 1053 1225 1398 1504 1565 1591 1773 1828 1864 1865
redistribute
41
all
41 43 45 58 145 264 315 328 339 339 409 416 417 445 452 523 555 562 586 632 641 748 776 805 815 816 861 873 899 971 983 992 1070 1073 1082 1087 1111 1149 1156 1160 1197 1204 1210 1297 1300 1312 1315 1357 1376 1460 1485 1533 1666 1671 1676 1681 1685 1720 1778 1792 1807 1856 1899 1949 1978 1995 2078 2090 2161 2169
split
42 73 226 231 361 363 455 769 929 1089 1265 1266 1516 1601 1794 1998 2154
into
42 73 79 231 447 561 826 867 903 929 1012 1239 1406 1565 1734 1773 1865 1952 1958
remove
43 165 218 304 389 486 543 690 694 714 801 861 1049 1060 1104 1116 1156 1183 1195 1259 1315 1387 1429 1450 1678 1765 1823 1836 1951
occurrences
43 550 1357 1418 2008 2093
special
44 228 282 330 430 472 958 972 1514 1853 2170
positions
44 2066
matrix
44 77 82 208 297 312 518 584 620 649 674 688 727 734 764 803 901 1026 1118 1118 1133 1228 1367 1389 1396 1439 1505 1557 1690 1768 1816 1862 1876 1917 1921 1965 1970 1986 2003 2061 2081
execution
45
suffix
45 265 785
instructions
45 400 1990
staying
45
constrained
46
subsequence
46 171 213 258 288 327 551 623 642 720 741 864 885 888 1029 1284 1311 1421 1437 1444 1453 1507 1639 1644 1672 1742 1831 2004 2008 2011 2060 2076 2099
find
47 48 72 139 143 145 156 169 190 234 251 264 266 309 321 331 398 423 427 436 459 484 495 502 504 508 527 540 566 591 601 604 608 629 639 648 653 658 663 681 738 739 816 840 854 874 875 885 899 935 960 976 997 1026 1045 1046 1051 1054 1070 1087 1097 1111 1126 1144 1160 1161 1166 1190 1211 1234 1251 1254 1276 1299 1312 1326 1335 1343 1345 1355 1386 1417 1465 1473 1476 1485 1496 1532 1540 1551 1576 1585 1590 1599 1608 1635 1637 1671 1686 1735 1741 1744 1771 1835 1840 1857 1899 1936 1967 2003 2004 2006 2036 2062 2100 2112 2161 2165 2169
center
47
star
47 186
graph
47 186 237 416 488 512 598 603 755 840 859 880 1049 1463 1466 1483 1584
closest
48 86 172 266 285 469 504 681 802 874 1250 1422 1425 1454 1831
node
48 207 283 290 416 601 682 701 797 849 939 999 1058 1165 1183 1194 1334 1464 2151
given
48 51 145 192 444 540 565 639 864 876 909 1026 1050 1190 1254 1384 1448 1526 1529 1531 1596 1599 1602 1801 1828 2065 2090
nodes
48 94 301 304 315 365 369 512 562 588 745 802 841 969 971 992 1004 1043 1201 1251 1298 1381 1475 1477 1584 1638 1765 1826 1958 2002 2041 2078
well-performing
49
interval
49 321 998 1246 1670 1757
prime
50 70 308 378 474 611 1250 1737 2056
subtraction
50 1892
operation
50 248 619 1878
students
51 420 529 751 1203 1332 1572 1679
doing
51
homework
51
time
51 58 146 235 256 343 349 409 417 418 464 472 547 599 656 692 696 821 881 893 914 937 965 1025 1050 1081 1175 1221 1242 1312 1315 1326 1436 1491 1626 1695 1720 1750 1752 1821 1845 1976 2054 2055 2133 2164
detect
52 878 895 1403
squares
52 188 354 842 1708 1850
mirror
53
reflection
53
break
54 967 1374 2125 2135
palindrome
54 92 109 135 140 147 266 287 308 361 415 432 477 519 836 1126 1325 1563 1578 1588 1786 1809 1937 1939 1971 2174
operations
55 78 83 177 181 246 250 351 404 405 499 547 548 555 805 844 922 991 1016 1096 1122 1154 1294 1311 1319 1323 1470 1562 1610 1623 1692 1707 1780 1803 1807 1858 1887 1955 1959 2020 2021
determine
56 128 927 1147 1690 1852
color
56 598 898 1259
chessboard
56 902 1818 2026
fuel
57
cost
57 126 169 249 544 756 769 943 965 1128 1221 1227 1231 1247 1281 1377 1454 1546 1552 1611 1685 1853 1915 1925 1963
capital
57 878 2119
needed
58 1025 2055
inform
58
unique
59 73 348 370 374 393 428 804 819 932 1131 1306 1327 1356 1399 1418 1465 1508 1580 1641 1744 1956 2067 2083 2090
elements
59 78 216 298 504 575 615 801 805 816 876 898 1039 1113 1124 1249 1285 1513 1514 1542 1554 1598 1637 1711 1713 1807 1810 1854 1901 1902 1904 1904 1949 2145 2175
print
60 467 719 1832 2059 2069
tree
60 71 80 87 98 102 106 107 149 197 203 276 336 340 366 366 417 423 431 449 451 456 470 471 479 490 525 539 562 572 601 601 636 662 683 684 701 724 728 778 802 806 811 849 969 970 994 999 1011 1012 1061 1094 1109 1123 1141 1180 1181 1230 1256 1264 1276 1283 1303 1307 1319 1340 1366 1395 1413 1464 1477 1500 1506 1521 1523 1569 1574 1611 1618 1637 1638 1668 1675 1700 1702 1714 1723 1745 1789 1814 1817 1837 1840 1871 1888 1896 1916 1919 1933 1936 1955 1988 1996 2054 2138 2158
not
61 1100 1285 1710
boring
61
movies
61
has
62 947 1355 2050
friends
63 788 947 1352
appropriate
63
ages
63
atoms
64
uploaded
65
prefix
65 72 192 785 793 934 950 968 1138 1308 1496 1985 2049
matching
66 105 159 198 868 1146 1462
people
67 199 281 812 1018 1100 1193 1485 1596 1648
teach
67
excellent
68
pairs
68 91 94 223 233 362 365 434 447 460 513 628 629 691 786 836 896 1014 1036 1063 1064 1068 1201 1261 1314 1350 1354 1370 1433 1555 1584 1624 1669 1751 1819 1885 2089 2116 2136 2161
absolute
69 84 121 223 948 1191 1316 1318 1884 2082
file
69 854 1162 2067
replacing
70 1436
factors
70 355 378 942
diameter
71
original
72 229 346 495 1384
xor
72 248 382 402 403 523 654 847 894 922 1082 1178 1354 1401 1533 1835 1994 2070 2161
capitalize
74
title
74 2095
reformat
75 634 1174 1830
date
75 313 565
coordinate
76 1355 1835
network
76 656 914 1103 1692 2040
quality
76 755 1582
block
77
reduction
78
convert
79 470 547 572 767 924 1118 1159 1239 1609 1623 1657 1788 1896 1972 2024 2098
1d
79 1594
2d
79 208 482 651 688 765 1239 1403
verify
80
preorder
80 149 336 1061 1094 1340 1500 1618
serialization
80
performance
81
team
81 390 1408
local
82 962
values
82 100 524 765 867 1101 1611 1613 1773 1800 1970
gold
85
points
86 126 185 341 409 487 742 798 1003 1028 1170 1170 1171 1251 1685 1960 1963
origin
86 1770
construct
87 149 413 431 471 600 1340 1391 1445 1588 1618 1664
quad
87
last
88 386 394 586 1083 1165 1192 1218 1473 1605 2122
lexicographical
88 452 725 1074
order
88 102 201 720 815 909 1074 1109 1180 1714 1817 1832 1986 1996 2166
mountain
89 1530 1544 1551 1719
subrectangle
90
queries
90 95 306 382 695 798 802 921 948 1141 1171 1582 1629 1837 2070
strong
93 1906
password
93 1906
checker
93 1607 1906
on
95 300 483 742 778 812 875 1038 1072 1113 1171 1242 1319 1482 1520 1543 1695 1797 2026 2031 2152 2154
permutation
95 325 351 395 590 832 936 1287 1289 1373 1382 1923
stickers
96
spell
96
concatenated
97 1956
distribute
98 281 531 596 1331
achievable
99
transfer
99
requests
99 947 960 2034
strongest
100
compression
101 1851
vertical
102 1170 1808
traversal
102 149 336 431 684 1061 1094 1109 1180 1340 1500 1618 1675 1817 1988 1996 2131
dice
103 141
roll
103 1844
simulation
103 1030 1534
nice
104 163 278 362 1348
regular
105
expression
105 376 420 669 754 1377 1541 2082
paths
106 276 370 518 630 641 717 804 906 1023 1165 1205 1243 1376 1381 1569 2083
complete
107 779 821 969 1720 1778
inserter
107
chunked
109
decomposition
109
bags
110 762
full
110 938 1210 1240 1489
capacity
110 659
rocks
110
rle
111
iterator
111 205 272 1134 1283
genetic
112 1775 1981
mutation
112
push
114
dominoes
114
nested
115 272 1402
generator
115
random
116 521 680 727 797 1524 1640 2086
non-overlapping
116 287 453 554 663 1105 1140 1342 1458 1627
rectangles
116 744 768 1063
gcds
117
sliding
119 1233 1330 2106
window
119 1631 2106
median
119 671 1686 1975
delete
120 170 286 290 592 610 619 622 625 845 939 1057 1334 1361 1475 1531 2035
columns
120 170 286 289 1612 1771
sorted
120 165 170 273 286 400 429 470 502 503 637 734 926 977 1037 1154 1191 1275 1429 1473 1476 1587 1603 1643 1708 1768 1790 1823 1836 1896 1907 1975 2003 2015 2058
continuous
121 213 404 612 718 1423
diff
121
limit
121 343 937 1066 1664 2154
ways
122 231 657 750 1028 1089 1187 1219 1225 1272 1329 1474 1501 1516 1592 1602 1642 1652 1654 1674 1841 1886 1888 1935 1940 1944 1998 2005 2126 2153
separate
122 333
numbers
122 167 174 180 220 243 262 271 312 331 353 358 444 450 621 654 664 666 709 725 932 941 1034 1073 1078 1083 1127 1160 1212 1250 1329 1336 1406 1456 1468 1479 1482 1575 1620 1629 1706 1757 1768 1948 1950 2036 2084 2169
available
123
captures
123
for
123 179 205 245 619 639 791 845 869 872 894 1002 1050 1090 1128 1157 1359 1394 1504 1548 1612 1733 1908 2054 2071
rook
123
stack
125 1071 1721 1858 1878 2171
connect
126 1685
groups
126 142 252 411 826 841 1313 1564 1899 1952 1958 1964 2066 2101
expressive
127
winner
128 459 875 908 1144
bowling
128
department
129 634 869 1380
salary
129 388 462 462 726 1630 1729
strange
130 280
printer
130 280
form
131 371 768 847 876 1602 1646 1797 1920
concatenating
131 415
another
131 479 1100 1464 2135
ranges
132 605 946 1940
index
133 176 680 1046 1166 1448 1530 1962 1967
lists
133 644 933 1901 1907 2015
immediate
134
food
134 295 818 897
delivery
134 1978
jump
136 391 723 774 787 831 1132 1321 1595 1689
search
137 208 273 340 366 423 456 470 525 525 532 688 785 802 970 977 1012 1179 1224 1283 1327 1508 1618 1668 1704 1714 1896 1916 1938 1949
parallel
138 1182
courses
138 1182
build
139 832 1501 1858 2005 2061
where
139 1204 1270 1329 1397 1605
exactly
139 1711 1944
comparisons
139
rolls
141 1749
target
141 156 162 174 251 413 434 554 641 663 681 909 1125 1279 1292 1425 1542 1597 1602 1615 1646 1797 1805 1875 1920
kth
143 662 701 734 739 850 1006 1075 1262 1332 1432 1447 1587 1835 1990 2003 2012 2016 2064
integer
143 408 466 478 571 639 653 689 753 917 924 953 1038 1045 1122 1189 1365 1409 1502 1609 1780 1920 2051 2052 2062 2125 2157 2157
bitwise
144 402 564 828 1082 1479 1991 2020 2094 2161
possible
145 661 873 938 1038 1210 1694 2041
recipes
145
supplies
145
best
146 235 245 256 514 881 1342 1408 1626 1821 1897
buy
146 235 256 881 1025 1626 1821 1841
sell
146 235 256 881 1617 1626 1821
iii
146 170 370 595 674 679 704 787 790 887 904 925 978 1182 1263 1309 1843 2009 2027 2038 2046 2114 2127 2174
partitioning
147 1325 1406 1937 2174
multiple
148 294 296 413
three
148 231 540 910 941 1078 1130 1199 1369 1380 1452 1565 1701 1792 1839 1903 1943 1987 1992 2022 2085 2104
inorder
149 431 1675
loud
150
rich
150
article
151
views
151
i
151 175 242 379 721 955 1020 1253 1394 1437 1703 1763 2025 2120 2124
linked
152 226 304 426 519 588 644 797 801 806 820 924 933 939 1033 1058 1334 1446 1660 1739 1765 1784 1931 1982 2138
rank
153 810 1341 1505 1953 2040
transform
153 1505 1716 1818
group
154 313 1117 1297 1343 1596 1596 1940 2121
shortest
155 158 401 439 488 604 718 859 971 1229 1292 1300 1643 1661 1749 1777 1921 1971
bridge
155 1491
indices
156 264 1054 1070 1137
sorting
156 380 1248
fertile
157
pyramids
157
land
157 661
camelcase
159
longer
160
contiguous
160 356
segments
160 453 523 707 1027
ones
160 381 978 979 1197 1238 1460 1497 1733 1866 2050
zeros
160 381 693 1298 2162
starting
161
leaf
161 220 1201 1381 1468 1611
alphabet
164 466
board
164 945 1482
duplicates
165 861 1057 1111 1156 1429 1823 1836
maximize
166 172 278 368 543 773 843 968 1027 1139 1415 1659 1786 2021 2132
powered
166
city
166 527 536 1048 1346 1376 2017
matchsticks
168
repeated
171 517 685 791 895 1336 1579 2037
times
171 895 910 1632 1755 1839
person
172 394 1947
ascending
173 1948
function
174 326 344 410 681 809 963 1538 1793
calls
174 360
next
175 204 435 606 682 1058 1194 1382 2027
greater
175 204 251 366 435 497 564 572 606 1058 1514 1854 1904 2027
similar
177 846 928 1064 1564
reduce
178 1122 1420 1571 1709 1959
size
178 344 463 497 537 826 1199 1226 1343 1596 1666 2115
half
178
there
179 337 1726
sort
180 323 329 352 500 538 655 677 1056 1137 1158 1176 1193 1198 1313 1332 1400 1562 1693 1769 1868 1955 1965
jumbled
180
halve
181
majority
182 833 949
container
183 1787
water
183 261 473 915 1244 1705 1957 2144
stone
184 386 580 640 704 716 975 1001 1192 1207 1869
reaching
185
patching
187
falling
188 240 594 1245
deletions
189 367 1209 1543 1641
divisible
189 392 460 478 518 1036 1078 1308 1433 1885 2085 2129 2137 2175
altitude
190
implement
191 307 699 1804 2171
queue
191 199 597 746 1431 1441
using
191 472 699 719 910 1718 1969 2171
stacks
191 535
counting
192 1712
nesting
193 1430 1459
labels
194 1613
rotate
195 410 919 1121 1451
depth
197 1123 1230 1430 1459
rule
198
visible
199 1003 1674
minimize
200 246 322 440 754 903 1069 1178 1200 1350 1387 1542 1760 2075
deviation
200
customers
201 748
who
201 748 947 1710 1839
never
201
shopping
202
offers
202
cousins
203 539
numerically
204
balanced
204 367 455 1157 1574 1767 2100
combination
205 441 564 595 2079 2168
moves
206 216 477 737 1130 1159 1249 1279 1337 1597 1657 1805 2132
complementary
206
ancestor
207 701 811 970 1095
third
209
distinct
211 288 378 608 796 1016 1031 1129 1199 1304 1482 1547 1844 2012 2019
echo
211
positive
212 506 639 1266 1268 1409 1432 2157
product
212 292 378 379 448 457 565 695 698 803 855 941 986 1083 1120 1215 1257 1263 1329 1370 1513 1523 1563 1587 1728 1886 1929 2052 2145
increasing
213 258 327 407 548 649 993 1056 1243 1385 1443 1444 1498 1644 1713 1714 1898 1951 2166
base
214 767 1363 1880 2051
7
214
angle
215
hands
215 987
clock
215 1755
design
217 424 488 532 597 650 766 818 996 1407 1411 1431 1492 1493 1503 1684 1727 1784 1787 1793 1878 1914 1983 2117
circular
217 437 459 526 597 905 1097 1292 1373 1633 2029
deque
217
compatibility
219
root
220 324 1381 1468 2041
gap
221 1295
surface
222
area
222 510 546 587 1040 1170 1185 1808 2087 2111
3d
222 510
shapes
222 510
hours
224
training
224
win
224 1027 2120
competition
224 411 487
place
225 1474 1592
flowers
225 1240
parts
226 1565 1943
steps
227 432 1362 1420 1474 1537 1571 1586 1944
anagram
227 863 1586
quadruplets
228 407
reconstruct
229 1228 1310 1888
digits
229 328 333 714 932 1038 1044 1050 1084 1092 1220 1336 1436 1443 1788 1847 1860 1880 1920 2036 2052
english
229 917 1665
sqrt(x)
230
sudoku
232 964
solver
232
floored
233
k-sum
234 896
iv
235 254 441 606 831 920 1207 1325 1428 1862 1900 1918
add
236 257 532 621 669 876 953 1022 1044 1086 1272 1814 1920 1950 2078 2150
integers
236 352 374 484 493 509 531 540 775 958 979 1016 1169 1184 1266 1400 1609 1688 1744 1748 1887 1995 2097 2124
modify
237
edge
237 1205 2151
weights
237
n-th
238
tribonacci
238
redundant
239 708
connection
239 708
bricks
240
when
240 656
hit
240
dungeon
241
student
242 1091 2165
attendance
242 1091
record
242 1091
finding
243 438 1455 2089
3-digit
243
even
243 296 335 467 493 683 774 781 841 1078 1137 1266 1585 1629 1931 2036 2078
anagrams
244 1087 1117 1540
position
245 1150 1179 1473 1635 1915 1944
service
245
centre
245
hamming
246 1424 1621
swap
246 365 726 791 1287 1351 1842 1999 2014
bulb
247 837
switcher
247 837
stones
249 862 866 1322 1387 2130 2143
final
250 282 1377
variable
250
performing
250 405
letter
251 415 1060 1288 1289 1665 1799 1966 2008 2048 2107
booking
252
concert
252
tickets
252 1025 1128
degree
253 1463
basic
254 576 710
calculator
254 488 576 710 2146
tastiness
255
candy
255 300 569 1842
basket
255
parentheses
257 486 578 694 754 758 1079 1116 1272 1430 1459 1628 1722 1726 1732 2030
triplet
258 1646
substitutions
259
goat
260
latin
260
pacific
261
atlantic
261
flow
261
magical
263 2068
k-distant
264
flips
265 270 627 1118 1378 1972
piles
267
optimal
268 1053
division
268 1743
robot
269 719 1030 1534 1552 1770
bounded
269 1448 1687
circle
269 792 1065 1171 1524 1960
bit
270 739 1887 1972
adding
271 754 1024 2107
negabinary
271
flatten
272 806 1402 1660
rotated
273 502 503 977 1084 1476
monotonic
274
naming
275
company
275 1305
pseudo-palindromic
276
diagonal
277 474 911 1396
traverse
277 911
divisors
278 469 813 1701
duplicate
279 560 610 679 738 854 966 1067 1104 1335 1361 2162
emails
279 610
candies
281 596 943 1047 1368 1480
prices
282 338
discount
282 338 943 1519
shop
282 2071
rabbits
284
forest
284 1475
3sum
285 397 1172
rows
289 1367 1612 2003
covered
289 690 1143 1995
bst
290 572 636 645 745 830 920 1075 1316 1636 1652
queens
291
that
291 293 384 540 558 601 675 768 847 860 935 960 1078 1107 1114 1355 1409 1615 1740 1860 1864 1920 2031 2065 2165
attack
291
king
291
palindromic
292 436 668 698 1015 1152 1186 1356 1450 1581 1672 2123
appear
293 2048
as
293 494 661 661 1877 1985
intersection
294 933 1177 1226 1634
buckets
295
feed
295
hamsters
295
x-matrix
297
changing
298 571
h-index
299 545
eat
300 1203 1235
your
300 300 788
favorite
300 300 1100
day?
300
restrictions
301
intervals
302 494 690 775 1140 1865 1902 1952
event
305 1002
emitter
305
magic
307 354 1558 1717
dictionary
307 563 731 1098 1602 2142
lcp
309
remapping
310
pangram
311
lucky
312 2062
sold
313
leaf-similar
314
trees
314 942 1002 1102 1210 1327 1508 1604 1782 1949
vertices
315
arrows
316
burst
316 1895
balloons
316 582 1895
building
317 735 1736 2032
height
317 1021 1102 1441 1607 1837
defuse
318
bomb
318
erect
319
fence
319
sub
320
islands
320 667 1461
right
321 682 724 1113 1168 1194 1260
replacements
323
equals
324 554 1155 2163
children
324 1331 1368
vowels
325 542 776 815 1526 1585
call
326 963
custom
326 1693
context
326
replace
328 427 632 1113 1157 1399 1472 1598 1620 2112 2165
calculate
330 349 808 1658 1746
bonus
330 736
fibonacci
331 534 929 1421 1566
whose
331 518 1100 1305
x
334 1355 1514 1514 1959
kind
334
deck
334
cards
334 341 1622 2166
odd
335 467 528 558 683 702 774 1137 1366 1676 1757 1931 1970 2156
recover
336 340 346
apply
338 1519 1707 1716 2020
a's
339
appears
339
before
339 586 2063
b's
339
obtain
341 991 1393
car
342 556 865 2141
pooling
342
cache
343 686 1372
preimage
344
factorial
344 703 1013
zeroes
344 1013 1653 1866 1917
variance
345
koko
347
eating
347
bananas
347
morse
348
code
348 1973
delayed
349
arrival
349
teemo
350
attacking
350
reinitialize
351
k-mirror
353
common
355 463 551 566 780 811 970 1095 1138 1496 1741 1777 1894 1974 2103 2160
total
357 372 756 844 1069 1247 1326 1387 1433 1495 1553 1621 1738 2102
beauty
357 824 983 1233
gardens
357
enclaves
359
recent
360
same
363 457 709 898 910 1043 1099 1259 1304 1322 1324 1355 1474 1652 1723 1915
average
363 369 438 462 497 511 955 1078 1285 1307 1467 1976 2053 2133
dota2
364
senate
364
confusion
368
exam
368 529 1135
subtree
369 479 711 992 1837 1981
importance
372 907
roads
372 1853
days
373 659 807 852 923 1206 1235 1394 1735
m
373 895 1343
bouquets
373
removals
374 778 1544 1833
bus
375 394 1267 2164
routes
375 873 1376
parse
376
lisp
376
champagne
377
tower
377
sales
379 1263 1947 2046
analysis
379 721 1263 1428 2025 2046
row
381 592 961 1026 1068 1073 1322 1359 1497 1625 1814 1936
column
381 961 1026 1068 1073 1322 1539 2095
lexicographically
383 719 883 1294 1391 1578
beautiful
383 408 485 829 1209 1405 1548 1600 1764 1867
artifacts
384
extracted
384
rectangle
385 546 587 600 763 792 1173 1185 1850 2080 2111 2173
no
385 1009 1170 1255 1408
larger
385
weight
386 1192 1640
image
387 1121 1252 1559
smoother
387
categories
388
comments
389
sufficient
390
v
391 1001
p
392
increment
393 616 1878
fit
394
obtained
395 1690 2107
any
395 553 1710 1884 1985
k-th
396 452 611 1074 1608
symbol
396
grammar
396
customer
398 570 1710 1772
referee
398
work
399 858 1908
sessions
399
finish
399 696 1312 2105
tasks
399 458 1720 1778 1969 2105
create
400 809 830 909 1052 1099 1789
through
400 1098 1874
alternating
401 627 771 1076 1096 1414 1715 2099
colors
401 655 670 1987
neighboring
402
chalkboard
403
multiplication
405 643 1006
zigzag
406 575 1256 1817 1919
conversion
406
addition
408 782 1892
visiting
409 971
entering
411
square-free
412
subsets
412 485 567 730 1080 1494 2010 2073
sums
413 629 1026 1254 1275 1293 1452 1554 2129
divisor
414 566 780 1599
ancestors
416
directed
416 598
acyclic
416
collect
417 418 449 491
apples
417 476 491
amount
418 808 1845 2054
garbage
418
solve
419
solving
420 1698
math
420
thousand
421
separator
421
scramble
422
mode
423
twitter
424
simplified
425
fractions
425
cycle
426 859 1141 1466 1982
subjects
428
taught
428
teacher
428
-
429 482 623 631 920 1057 1320
input
429 920
postorder
431 684 1340 1988
insertion
432 772 1769
concatenation
434 1532 1575 1681 1874 2007
first
436 961 1131 1165 1166 1204 1268 1473 1509 2048
loop
437
mk
438
completing
439
texts
442
utf-8
443
validation
443
set
444 965 1226 1577 1682 1917 2056
divisions
445
minesweeper
446
divide
447 509 561 657 826 1065 1456 1860 1952 1958
except
448
self
448 450 1706 1882
smaller
450 1034 1904
happy
452 2049 2091 2128
sets
453 1456
line
453 589 742 1511 1859
grumpy
454
bookstore
454
owner
454
balance
456 2030
tuple
457
assign
458 757
rearranged
461
excluding
462
component
463
factor
463 1262
second
464 770 999 1630
destination
464 536 1221 1654
plus
465 2023
decrypt
466 1567
mapping
466
zero
467 523 564 874 991 1088 1118 1376 1386 1571 1744 1765 1887 1959 2094
buddy
468
type
472 1718 2039
typewriter
472
trapping
473 1957
rain
473 1957
brace
475
expansion
475
eaten
476
heaters
480
profit
481 858 1487
job
481 1338
scheduling
481 2017
query
482 631 894 1320 1548 1670 1775 2016
immutable
482 631
units
483 2084
truck
483
data
484 494 532 913 1686 1856
stream
484 494 1411 1686 2064 2140
archery
487
defanging
489
ip
489 706 1515
address
489 1515
invert
490
garden
491 915
enough
491
managers
492 646
5
492 1308 1679
direct
492
reports
492
disjoint
494 1865
doubled
495 1314
zero-filled
496
sub-arrays
497 528 663
ipo
498
k-increasing
499
removable
501
incompatibility
505
step
506 506
4sum
507 1838
xor-beauty
508
projection
510
subdivided
512
equivalent
513 877 883 1782 1893
domino
513 749 1359
sightseeing
514
pair
514 524 1032 1092 1608 1722 1760
illumination
515
incremental
516
memory
516 1727
leak
516
invalid
520 1116 1349
transactions
520 1710 1763 2063
copy
521
pointer
521
simplify
522
neighbors
527 1259 1285
taking
529
rearrange
530 615 712 968 1125 1271 1674 2055
table
530 634 897 1006 2172
structure
532 1856
ladder
533 1484
generate
534 558 1524 1628
dinner
535
plate
535
wiggle
538 888
egg
541 633
drop
541 633
2
541 1699 1883
eggs
541
floors
541 2170 2170
result
543 754
cut
544 1002 1392
stick
544
shifting
552 1849
letters
552 574 1104 1324 1849 1911
minimized
553
distributed
553
store
553 1175
move
555 1148 1279 1393 1653 1915 2026
balls
555 626 1066 1304 1617 2147
box
555 626 1279 1426 1724
fleet
556 2141
sender
557
have
558 1147 1204 1357 1489
counts
558 1585 1905
deletion
559
contains
560 679 1067 1073 1666
players
561 1270 1386 1462
teams
561 1341 1645
skill
561
greatest
566 592 780 1047 1113 1665 2085
satisfiability
568
equality
568
equations
568
richest
570 1549
wealth
570
formed
574 935
decrease
575
say
577
poor
579
pigs
579
decompress
581
run-length
581
encoded
581 1384
matches
583
tournament
583
radius
585
averages
585 957 1129
moment
586
ants
586
fall
586 1397
out
586 717 1992
plank
586
swapping
588
lines
589 825 1677
represent
589
chart
589
decode
590 743 1236 1499 1806 1872 1935 2126
xored
590 743
peak
591 1530 1667 2006
subtrees
593 738
cities
593 1434
running
599 1594
computers
599
corresponding
601
clone
601 603
russian
602
doll
602
envelopes
602
superstring
604
arrange
607
slowest
609
fraction
611 1791 1892
alphabetical
612
temperatures
613
filling
614
bookcase
614
shelves
614
sign
615 1929 2023
submatrices
616 1197 1460 1615
lcm
617
rotation
618 1690
reshape
620
insert
622 998 1012 1057 1179
getrandom
622 1057
o(1)
622 1057
arithmetic
623 864 884 951 1284 1302 1785 1913
slices
623 1119 1913
132
624
pattern
624 895 1237 2037 2112
fancy
625 1825
map
628 1667
weighted
630
subgraph
630
required
630 2063
?'s
632
avoid
632 1346
super
633 1371 1761 1909 1993
without
635 838 979 2170
appearing
637
more
637 646 895 910 1679
25%
637
triples
638 2094
solution
639
vi
640 723
source
641
harmonious
642
complex
643
serialize
645 1395
deserialize
645 1395
earning
646
their
646 1279 1332
lemonade
647
change
647 954 1377 1379 1903 1932
divisibility
648 1417
text
650 1846
editor
650
shift
651
punishment
653
becomes
656
idle
656
long
657 2149
corridor
657
missing
658 817 1106 1268 1432 1780 1981
observations
658
ship
659
packages
659
d
659
frogs
660
croaking
660
far
661
rational
664
edit
665
phone
666 1174 1288
closed
667
operators
669 1815
furthest
670 1736
houses
670 1592
memoize
672 1922
subdomain
673
visit
673 893
spiral
674 901 1133 1862
events
675 860 1147 1342
attended
675 860 1258
crawler
676
log
676 913
folder
676
baseball
678
pick
680 1622 1640 2086
mysterious
681
populating
682 1194
pointers
682 1194
dna
685
sequences
685 1071 1385 1589 1844
lfu
686
width
687 1745 1771
ramp
687
roman
689 1189
satisfying
691
inequality
691
rope
692
colorful
692
trailing
693 1013
cornered
693
outermost
694
powers
695 2022
race
696 865
unequal
697 756
triplets
697 847 884 990 1646 1984
rand10()
699
rand7()
699
sleep
700
clumsy
703
rings
705
rods
705
restore
706 729 1261
addresses
706 1580
differences
709 1191 1260
escape
713 995 1333
ghosts
713
watering
715 1747
plants
715 1747
ix
716
boundary
717
unsorted
718
non-increasing
720
market
721
brick
722
wall
722
view
724
flip
727 1061 1498 1612 1782 2081
cameras
728
edits
731
asteroid
732
collision
732
di
733 872 1445
match
733 1061 1488 1579
boxes
735 1195 1304 1480 1926
nth
739 1183 1419 1729 2068
1-bit
740
2-bit
740
containing
744 1170 1315 1585 1792
orderly
746
removing
747 862 1296 1344 1540 1717 1810 1968
bought
748
tromino
749
tiling
749 1850
paint
750 904
ã—
750
3
750 1105
reward
751
top
751 835 889 1039 1380
69
752
replacement
753 981 1488
cookies
757 1822
guess
759 834 2018
surrounded
760
regions
760 1392
put
762
marbles
762
overlap
763 1252
toeplitz
764
summing
765
movie
766 1291
rental
766
system
766 818 854 996 1224 1361 1492 1649 1787
-2
767
life
777
components
779 1099 1446
rising
783 2144
temperature
783 2024
successful
786
spells
786
potions
786
watched
788
videos
788
lowest
789 811 970 1095
scores
789 950 1017 1953
house
790 879 904 1000 1900
robber
790 879 1000 1900
overlapping
792 1940
short
794
encoding
794
isomorphic
795
triangle
799 1005 1040 1062 1855 1873 1997
non
803
negative
803 1409 1768 2157
dates
807
paid
808
taxes
808
hello
809
world
809
sequentially
810
ordinal
810
tracker
810 1522
based
812 1175 2154
statements
812
four
813 1093 1220
marking
816
information
817 1167
rating
818 1291
twin
820
trips
821 918 1069
statistics
823
large
823 995 1568 2066
sample
823
write
825
arrangement
829 1624 1867
bsts
830
single
830 886 1037 1457 1691 2127
higher
834 2018
lower
834 1112 1665 2018
travellers
835
aaa
838
bbb
838
recolors
839
black
839
blocks
839
exists
840 1384 1409
perfect
842 1762 1829 2080
happiness
843
space
844 1980
wasted
844 1980
resizing
844
ascii
845
visited
848 1633 1710
cells
848 852 916 1495 1970 1986 2152
keys
851 1300 1883
rooms
851 1204 1309 1501
prison
852
great
853 1989
budget
856 985
single-threaded
857
cpu
857
assigning
858
moving
866 2130
until
866 2130
splitting
867 1220 2108
descending
867
primary
869
ugly
870 1843 1909 2167
recyclable
871
low
871
fat
871
permutations
872 1142 1811
tic
875
tac
875
toe
875
whether
877 1690
are
877 927 1034 1078 1149 1259 1852 1885 1893 1948 1995
almost
877
bipartite?
880
consistent
882
ideal
890 2060
power
891 982 1093 1400 1699 2104
smooth
892
descent
892
periods
892
cell
893
display
897
orders
897 1339 1519 1772
restaurant
897 1619
prefixes
899 1801
cheapest
900
flights
900
stops
900 1267 1827
knight
902 2001 2113
probability
902 1304 1525 2096
predict
908
alert
910
key-card
910
hour
910
squared
912
reorder
913 1376 1652 1961
files
913
delay
914
taps
915
open
915 1796
unguarded
916
users
918 1161 1258 1455
handling
921
update
921
spent
923 1326
together
923 1297
course
925 1042 1232 1635 1918
schedule
925 1042 1232 1338 1918
halves
927
alike
927
ends
928
soup
931
servings
931
promise
937
earliest
938 1270
bloom
938 1240
middle
939 1033 1431 1967
buying
943
nim
944
battleships
945
friend
947 2034
ii:
947
progression
951
coloring
952 1702
border
952
array-form
953
meals
956
twice
959 2048
others
959
servers
960 1740 1969
handled
960
completely
961
painted
961
global
962
inversions
962
allow
963
cooking
965
describe
973
painting
973 1987
advantage
974
shuffle
974 1136 1440 2072
vii
975 1595
followers
976
non-negative
979 1780
heroes
982
backspace
984
robots
985
couples
987
holding
987
big
988
countries
988
truncate
989
deepest
992 1095 1696
decreasing
993 1561
pruning
994
maze
995 1927
underground
996
off
1002
golf
1002
even-valued
1004
grandparent
1004
pascal's
1005 1997
pass
1008 2053
pillow
1008
flower
1009
planting
1009
coprimes
1011
fair
1014 1219 1822 1842
strictly
1015 1898 1904 1951
built
1017
boats
1018
save
1018
parenthesis
1019
my
1020 1410 2009
calendar
1020 1410 2009
stacking
1021
cuboids
1021
rungs
1022
spaces
1024 1271
earn
1028 2035
walking
1030 1534
chain
1032 1404
how
1034
many
1034
current
1034
found
1035 1101
sentences
1035 1202
video
1041 1651
stitching
1041
sub-tree
1043
label
1043
pivot
1045 1046 1828
kids
1047
increase
1048
keep
1048 1049 1101
skyline
1048 1891
edges
1049 1840 2078
fully
1049
traversable
1049
eventual
1051
safe
1051 1697
states
1051
marked
1054
flood
1055 1346
fill
1055 1845
allowed
1057
bag
1059 1066
tokens
1059
equalize
1060
interchangeable
1063
cuts
1065 1808
validate
1071 1477 1515 1916
collisions
1072 1520
road
1072
every
1073 1519
24
1077
pairings
1082
patients
1085
condition
1085 2065
subtracting
1088
amounts
1088
puzzle
1090 1302 1330
leaves
1095 1517 1531 1696
losers
1097
companies
1100
subset
1100 1254 1398 1533 2137
multiplying
1101
critical
1103 1251 1840
connections
1103
enemy
1107
forts
1107
captured
1107
level
1109 1180 1700 1817 1955 1996
hills
1110
valleys
1110
case
1112 1289 1665
differ
1114
pizza
1119 1642
3n
1119
dot
1120
0
1122
n-ary
1123 1180 1500 1988
fixed
1126 1655
frog
1132 1150 1321
peeking
1134
room
1135 1422
independently
1137
greatness
1139
white
1143 1375
tiles
1143 1375
carpet
1143
triangulation
1145
polygon
1145 1520
wildcard
1146
conflict
1147
legal
1148
places
1149
away
1149
t
1150
seconds
1150
task
1151 1469 2031
scheduler
1151 1469
hourglass
1153
summation
1155
gcd
1158 2043
disappeared
1160
e-mails
1161
transpose
1162 1816
reorganize
1164
restricted
1165 2034
occurrence
1166 1894
masking
1167
personal
1167
take
1168 1549
left
1168 1260 1276 1305 1517
widest
1170
inside
1171 1960 2029
multiplicity
1172
maximal
1173 1803 1928 2040
key-value
1175
tilt
1181
end
1183
select
1187
buildings
1187
streak
1188
hash
1190
its
1196 1390 1409
relative
1198 1848
malware
1200 2075
spread
1200 2075
uncommon
1202 1437 1507
unable
1203
lunch
1203
been
1204
checking
1205
existence
1205
limited
1205 1453
disconnect
1206 2081
climbing
1208 1227
stairs
1208 1227
version
1212 1509
freedom
1214
trail
1214
abbreviating
1215
combine
1217
tables
1217
prototype
1218
empty
1222
3-same-digit
1223
suggestions
1224
min
1227 1685 1721 1783
2-row
1228
obstacles
1229
elimination
1229 1647
town
1234
judge
1234
oranges
1235 1560
encode
1236
tinyurl
1236
conditions
1239 1903 2061
module
1241
speed
1242
arrive
1242 1654 1695
bottles
1244
intersections
1246
hire
1247 1281
workers
1247 1281
pancake
1248
project
1253
burgers
1255
waste
1255
ingredients
1255
labelled
1256
increments
1257 1797
percentage
1258 1582 1966
contest
1258
colored
1259 1495 1617
both
1259
symmetric
1264
contain
1269
virus
1269
rounds
1270 1489 1778
compete
1270
snakes
1273
ladders
1273
bottom
1276
erasure
1277
asterisks
1278
location
1279
cat
1280 1802
mouse
1280 1802
sideway
1282
jumps
1282 1979
population
1286
previous
1287
combinations
1288 1946 2026
mini
1290
parser
1290 1449 1471
k-subarray
1293
applying
1294 1803
stars
1296
k-beauty
1299
interleaving
1301
verbal
1302
distances
1303 1324 1930
having
1304
manager
1305 1684 2092
wraparound
1306
levels
1307 1366
meeting
1309 1695 1725
itinerary
1310
jobs
1312
respecting
1313
dependencies
1313
cars
1315 1752
illegal
1315
goods
1315
rearranging
1317 1561
fruits
1317 1537
mutable
1320
removed
1322 1643
uni-value
1323
tic-tac-toe
1328
state
1328
money
1331 1746 2063
spreading
1333
fire
1333
seat
1337 1528 2092 2096
everyone
1337
difficulty
1338
backlog
1339
votes
1341
triangular
1345
plates
1347
candles
1347
tweets
1349
unhappy
1352
turbulent
1353
nearest
1355 1927
y
1355
length-3
1356
it
1358 1511
rotations
1359 1597
music
1360
playlists
1360
folders
1361
impossible
1364 1749
(atoi)
1365
weakest
1367
allocated
1368
odds
1369
palindromes
1371
lru
1372
representation
1373 1420 2056
covering
1375 1901
carpets
1375
lead
1376
b
1378
c
1378
coin
1379 1932
salaries
1380
insufficient
1381
losses
1386
license
1388
formatting
1388
double
1390 2110
exist
1390
slashes
1392
user
1394
activity
1394
past
1394
30
1394
will
1397 2165
ball
1397
id
1399
identifier
1399
deeply
1402
cycles
1403
deci-binary
1406
browser
1407
history
1407
conflicts
1408
k-concatenation
1412
completeness
1413
changes
1414
repetitions
1416
mutated
1425
categorize
1426
according
1426 1828
criteria
1426
ransom
1427
note
1427
play
1428 2025
front
1431
back
1431
songs
1433
durations
1433
60
1433
mutating
1435
hidden
1436 1589
multiply
1438
pyramid
1439
transition
1439
reconstruction
1441
evaluate
1442 1743 1819 1933
polish
1442
notation
1442
monotone
1443 1498
goal
1449
interpretation
1449
biggest
1452 1691
rhombus
1452
dessert
1454
active
1455
minutes
1455
trainers
1462
connected
1463 1692
trio
1463
step-by-step
1464
directions
1464
html
1471
entity
1471
stay
1474
some
1474 1810
return
1475 1770
profitable
1478 2158
schemes
1478
wrapper
1481
connectivity
1483
secret
1485 1648
arranging
1486
operating
1487
centennial
1487
wheel
1487
played
1489
cross
1491 1605
parking
1492
atm
1493
machine
1493 1976
message
1499 2154
ant
1501
colony
1501
hashset
1503
bad
1509 2116
reducing
1510
dishes
1510
straight
1511
non-zero
1513
distant
1518
barcodes
1518
monkeys
1520
splitted
1523
dining
1527
philosophers
1527
cinema
1528
allocation
1528
numeric
1529
totals
1533
mice
1535
cheese
1535
exchange
1536
seats
1536
harvested
1537
composition
1538
excel
1539 2095 2152
sheet
1539 2095 2152
resultant
1540
parsing
1541
boolean
1541 1933
chosen
1542
tallest
1545
billboard
1545
item
1548
gifts
1549
pile
1549
homecoming
1552
appeal
1553
spliced
1556
flipping
1557 1559 1756
rotting
1560
transformable
1562
encrypt
1567
making
1568 2067
costs
1569
accounts
1570
examinations
1572
gas
1573
station
1573
awesome
1576
infinite
1577
email
1580
unreachable
1584
undirected
1584
debounce
1593
they
1596
belong
1596
partitions
1600 1989
still
1605
confirmation
1606
rate
1606
no-zero
1609
hand
1614 1897
straights
1614
destroying
1616
asteroids
1616
diminishing-valued
1617
growth
1619
non-coprime
1620
up
1622 1744 1920
keyboard
1625 1883
transaction
1626
fee
1626
prefix-aligned
1632
sector
1633
track
1633
contaminated
1637
append
1639 1748
frequencies
1641
cutting
1642
aware
1648
simple
1649
human
1650
traffic
1650
stadium
1650
popular
1651
creator
1651
bounds
1655
provinces
1656
negations
1659
multilevel
1660
doubly
1660
squareful
1662
n-queens
1663 2077
repeat
1664
upper
1665
codes
1666
trim
1668
include
1670
ice
1673
cream
1673
bars
1673
sticks
1674 1674
uncrossed
1677
sub-folders
1678
filesystem
1678
classes
1679
wonderful
1680
mismatch
1682
allocate
1683
mailboxes
1683
authentication
1684
powerful
1688
bipartition
1694
skips
1695
cracking
1697
questions
1698
brainpower
1698
reordered
1699
jug
1705
problem
1705 1891
dividing
1706
transformation
1709
but
1710
did
1710
over
1716
beans
1717
fingers
1718
rotating
1724 1863
invited
1725
allocator
1727
lengths
1728
watch
1730
1-bordered
1731
fruit
1734
baskets
1734
rob
1735
arrangements
1737
traveled
1738
communicate
1740
leetcode
1746
minimal
1748
exclusive
1750
functions
1750
k-diff
1751
repair
1752
boomerang
1753
card
1756
fizz
1758 1934
buzz
1758 1934
multithreaded
1758
complement
1759 2051
pow
1761
monthly
1763
new
1766
21
1766
placing
1772
cherry
1774 1813
pickup
1774 1813 1978
k-similar
1776
supersequence
1777
chunk
1779
tag
1781
validator
1781
descriptions
1789
chunks
1790 2058
recurring
1791
decimal
1791
cancellable
1793
coprime
1794
alternately
1795 2059
lock
1796
throne
1798
inheritance
1798
tile
1799
possibilities
1799
trie
1804
(prefix
1804
tree)
1804
piece
1808
cake
1808
horizontal
1808
mean
1810
express
1815
bracket
1819
detonate
1820
bombs
1820
cooldown
1821
distribution
1822
destroy
1824
sequential
1824 1847
targets
1824
refueling
1827
segment
1833 2050
election
1834
actors
1839
directors
1839
cooperated
1839
pseudo-critical
1840
spanning
1840
pens
1841
pencils
1841
cups
1845
justification
1846
ranks
1848
fewest
1850
close
1852
varying
1854
judgement
1855
o`one
1856
tenth
1859
bulls
1861
cows
1861
cyclically
1863
such
1864
viii
1869
effort
1870
univalued
1871
slanted
1872
ciphertext
1872
formation
1874
01
1876
logical
1877
grids
1877
represented
1877
quad-trees
1877
investments
1879
2016
1879
unoccupied
1881
chair
1881
crossing
1882 1912
fluctuation
1889
fish
1890
poker
1897
farmland
1899
identical
1902
satisfy
1903 2065
tweet
1905
per
1905 1976
weeks
1908
minimums
1910
only
1911 2028
hashmap
1914
chips
1915
ambiguous
1924
coordinates
1924
delivering
1926
storage
1926
ports
1926
exit
1927
entrance
1927
week
1941
boomerangs
1942
submatrix
1945
rearrangements
1945
primes
1954
lattice
1960
decoded
1962
special-equivalent
1964
diagonally
1965
process
1969 1976 2034
gray
1973
laser
1977
beams
1977
options
1978
home
1979
packaging
1980
skiplist
1983
occurs
1985
ors
1991
washing
1993
machines
1993
eliminate
2000
monsters
2000
dialer
2001
k-group
2002
competitive
2004
k-length
2008
bitwise-or
2010
snapshot
2013
lr
2014
trimmed
2016
1s
2028
darts
2029
dartboard
2029
insertions
2030
worked
2031
h2o
2032
similarity
2038
spellchecker
2042
additions
2044
min-product
2047
10
2051
subtract
2052
ratio
2053
infected
2054
weak
2057
foobar
2059
names
2067 2172
vertically
2069
penalty
2071
widths
2076
degrees
2078
blacklist
2086
certain
2089
reservation
2092
bigram
2093
airplane
2096
assignment
2096
hexadecimal
2098
getting
2101
fresh
2101
donuts
2101
strength
2102
wizards
2102
subpath
2103
initial
2105
energy
2105
additive
2109
reversal
2110
tour
2113
configuration
2113
n-repeated
2115
2n
2115
bitset
2117
homogenous
2118
gain/loss
2119
choose
2124
snail
2131
topmost
2132
waiting
2133
senior
2134
citizens
2134
inverse
2136
univalue
2139
verifying
2142
alien
2142
jewels
2143
swim
2144
broken
2146
magnetic
2147
force
2147
generated
2148
pressed
2149
name
2149
wear
2153
hats
2153
other
2153
multiples
2159
catch
2164
chalk
2165
reveal
2166
lonely
2169
queues
2171
fix
2172
histogram
2173
